73	56	56	64	64
60	55	55	64	64
58	54	54	64	64
67	53	53	64	64
55	52	52	64	64
26	47	47	50	50	64	64
8	14	14	36	36	64	64
37	24	24	28	28	64	64
25	46	46	50	50	64	64
33	12	12	14	14	36	36	64	64
24	45	45	50	50	64	64
77	11	12	14	14	36	36	64	64
18	35	36	64	64
10	22	22	64	64
69	17	17	19	19	64	64
51	21	22	64	64
22	43	43	50	50	64	64
74	10	10	12	12	14	14	36	36	64	64
15	61	61	64	64
64	13	14	36	36	64	64
5	4	4	64	64
35	20	20	22	22	64	64
56	42	43	50	50	64	64
28	1	1	4	4	64	64
29	2	2	4	4	64	64
88	5	7	64	64
23	44	44	50	50	64	64
52	3	4	64	64
70	18	19	64	64
11	28	28	64	64
30	6	7	64	64
89	7	7	64	64
32	8	9	36	36	64	64
21	41	41	50	50	64	64
36	23	23	28	28	64	64
7	9	9	36	36	64	64
9	19	19	64	64
68	16	16	19	19	64	64
27	48	48	50	50	64	64
34	15	15	19	19	64	64
38	25	25	28	28	64	64
39	26	26	28	28	64	64
76	57	57	64	64
17	34	34	36	36	64	64
72	27	28	64	64
75	58	59	64	64
16	62	62	64	64
63	33	33	64	64
4	50	50	64	64
78	59	59	64	64
19	37	37	50	50	64	64
40	29	30	36	36	64	64
14	60	60	64	64
12	30	30	36	36	64	64
71	38	39	50	50	64	64
61	31	31	64	64
3	36	36	64	64
62	32	32	64	64
53	63	64
90	64	64
20	39	39	50	50	64	64
54	49	50	64	64
59	40	41	50	50	64	64
50	51	51	64	64
